0.0            0.0
0.1            0.010000000000000002
0.2            0.04000000000000001
0.30000000000000004            0.09000000000000002
0.4            0.16000000000000003
0.5            0.25
0.6000000000000001            0.3600000000000001
0.7000000000000001            0.4900000000000001
0.8            0.6400000000000001
0.9            0.81
1.0            1.0
1.1            1.2100000000000002
1.2000000000000002            1.4400000000000004
1.3            1.6900000000000002
1.4000000000000001            1.9600000000000004
1.5            2.25
