1.6            2.5600000000000005
1.7000000000000002            2.8900000000000006
1.8            3.24
1.9000000000000001            3.6100000000000003
2.0            4.0
2.1            4.41
2.2            4.840000000000001
2.3000000000000003            5.290000000000001
2.4000000000000004            5.760000000000002
2.5            6.25
2.6            6.760000000000001
2.7            7.290000000000001
2.8000000000000003            7.840000000000002
2.9000000000000004            8.410000000000002
3.0            9.0
3.1            9.610000000000001
