3.2            10.240000000000002
3.3000000000000003            10.890000000000002
3.4000000000000004            11.560000000000002
3.5            12.25
3.6            12.96
3.7            13.690000000000001
3.8000000000000003            14.440000000000001
3.9000000000000004            15.210000000000003
4.0            16.0
4.1000000000000005            16.810000000000006
4.2            17.64
4.3            18.49
4.4            19.360000000000003
4.5            20.25
4.6000000000000005            21.160000000000004
4.7            22.090000000000003
