4.800000000000001            23.040000000000006
4.9            24.010000000000005
5.0            25.0
5.1000000000000005            26.010000000000005
5.2            27.040000000000003
5.300000000000001            28.090000000000007
5.4            29.160000000000004
5.5            30.25
5.6000000000000005            31.360000000000007
5.7            32.49
5.800000000000001            33.64000000000001
5.9            34.81
6.0            36.0
6.1000000000000005            37.21000000000001
6.2            38.440000000000005
6.300000000000001            39.69000000000001
