6.4            40.96000000000001
6.5            42.25
6.6000000000000005            43.56000000000001
6.7            44.89
6.800000000000001            46.24000000000001
6.9            47.61000000000001
7.0            49.0
7.1000000000000005            50.41000000000001
7.2            51.84
7.300000000000001            53.29000000000001
7.4            54.760000000000005
7.5            56.25
7.6000000000000005            57.760000000000005
7.7            59.290000000000006
7.800000000000001            60.84000000000001
7.9            62.410000000000004
